ID,name
1,Vikas
2,Vihaan